75 4
75 4
75 5
75 5
77 4
77 4
77 5
77 5
79 4
79 4
79 4
79 5
79 5
81 4
81 4
81 4
81 5
81 5
89 10
90 9
90 9
90 10
93 10
93 12
94 12
95 10
95 12
101 10
101 10
101 12
101 12
101 12
104 12
104 12
104 12
104 12
104 12
115 35
118 35
119 35
120 17
120 17
120 17
121 17
122 35
123 35
126 35
127 35
128 35
131 23
131 23
131 23
131 31
131 31
131 31
131 35
131 35
135 20
135 23
135 27
135 27
135 30
135 30
135 35
137 23
137 31
138 27
138 30
140 21
140 23
140 30
140 30
141 21
141 23
141 30
145 35
146 23
146 31
146 31
149 23
150 23
150 30
150 31
151 35
151 35
153 23
153 27
153 31
154 23
154 23
154 27
154 27
154 31
154 31
156 23
156 23
156 27
156 31
156 36
157 21
157 23
157 23
157 23
157 23
157 27
157 27
157 27
157 30
157 31
157 31
157 31
157 35
157 35
157 35
157 36
157 36
158 23
158 23
158 23
158 23
158 23
158 27
158 27
158 27
158 31
158 31
158 31
158 31
158 31
158 36
158 36
160 23
160 30
161 23
161 23
161 23
161 27
161 27
161 27
161 30
161 31
161 31
161 31
161 35
161 36
161 36
161 36
162 35
163 23
163 23
163 31
163 31
164 20
164 21
164 23
164 30
164 30
165 23
165 30
165 30
165 31
168 9
168 35
171 30
175 36
176 36
177 35
179 5
180 34
180 35
180 36
181 23
181 34
181 34
181 35
181 35
181 35
181 36
181 36
184 34
184 34
184 35
184 35
184 36
184 36
184 36
186 35
188 35
190 42
190 42
190 43
190 43
191 40
191 40
191 40
191 40
191 42
191 42
191 42
191 43
191 43
193 43
194 40
196 40
196 40
196 40
196 42
196 43
196 43
196 43
197 42
197 43
198 40
198 42
198 43
201 42
201 42
201 42
201 43
201 43
201 43
202 40
202 40
202 42
202 42
202 42
202 42
202 42
202 43
202 43
202 43
202 43
202 43
202 43
203 43
204 43
205 43
205 43
205 43
205 43
205 43
205 44
209 44
210 44
212 48
212 48
215 46
215 47
221 46
222 45
223 47
225 47
225 48
226 47
226 48
227 31
227 47
227 47
227 47
228 45
229 47
229 48
230 47
230 47
230 48
231 48
231 48
231 48
251 52
255 52
264 52
275 54
277 54
302 60
304 60
304 63
304 63
304 63
304 63
304 63
305 60
305 60
305 60
305 63
308 60
309 60
311 60
311 63
312 60
312 60
312 60
312 63
312 63
313 60
313 63
314 60
314 63
316 60
316 60
316 63
316 63
317 60
317 63
318 63
319 60
319 63
323 60
323 60
323 63
323 63
326 60
326 63
328 60
328 63
329 60
329 60
329 60
329 63
329 63
329 63
332 60
332 63
351 60
351 63
352 60
352 63
353 60
353 63
357 60
357 60
358 60
416 66
428 67
447 69
447 69
451 70
453 70
468 74
468 74
468 74
468 74
469 74
470 74
471 74
473 74
474 74
474 74
474 74
474 74
474 74
474 74
474 74
474 75
474 75
474 75
474 75
474 75
474 75
476 75
476 76
476 76
476 76
476 76
476 76
476 76
476 76
476 76
476 76
476 76
477 75
477 76
521 78
551 82
553 82
559 82
559 82
559 83
561 82
564 83
580 86
581 86
606 93
672 99
677 103
679 103
680 103
680 103
681 103
682 103
683 103
684 103
690 103
690 103
694 103
703 103
706 103
709 103
710 103
710 103
710 103
710 103
711 103
711 103
741 106
742 106
742 106
743 106
743 106
743 106
746 106
748 106
757 106
760 106
760 106
763 106
763 106
774 106
775 106
776 106
779 106
779 106
779 106
779 106
781 106
782 106
782 106
783 106
786 106
788 106
849 112
850 112
895 116
896 116
904 117
912 117
912 117
914 117
941 123
941 123
941 123
943 123
943 123
948 124
949 123
950 125
950 127
951 125
951 125
951 125
951 127
952 125
952 125
952 125
954 127
958 125
959 124
994 138
1027 134
1027 134
1036 152
1069 140
1069 139
1069 142
1070 141
1071 141
1082 144
1083 144
1084 146
1086 146
1086 146
1086 146
1086 146
1086 146
1087 146
1087 146
1087 146
1087 146
1087 146
1088 146
1088 146
1088 146
1088 147
1089 146
1089 146
1092 132
1103 151
1103 151
1255 192
1255 192
1255 192
1255 192
1255 192
1255 192
1255 192
1255 192
1256 192
1256 192
1257 192
1257 192
1257 192
1267 194
1268 194
1270 197
1270 197
1270 197
1270 199
1270 199
1270 199
1270 199
1270 199
1271 197
1271 197
1271 197
1271 197
1271 199
1271 199
1271 199
1271 199
1271 199
1272 197
1272 197
1272 197
1272 197
1272 197
1272 197
1272 199
1272 199
1272 199
1272 199
1272 199
1272 199
1272 199
1272 199
1272 199
1273 199
1273 199
1273 199
1273 199
1273 199
1273 199
1275 199
1275 199
1275 199
1276 199
1276 199
1276 199
1278 199
1281 199
1293 212
1293 212
1293 212
1293 212
1293 212
1293 212
1293 213
1293 213
1295 213
1297 212
1297 213
1300 212
1300 213
1300 213
1300 213
1300 213
1300 213
1303 211
1303 212
1308 211
1308 212
1308 213
1310 212
1310 213
1313 212
1313 213
1314 212
1315 212
1315 212
1315 213
1316 211
1316 212
1316 212
1317 212
1317 212
1317 213
1318 212
1318 212
1318 212
1318 213
1319 211
1319 211
1319 212
1319 212
1319 213
1319 213
1320 212
1320 212
1320 213
1320 213
1321 212
1321 213
1322 211
1322 212
1322 212
1322 213
1322 213
1323 212
1323 213
1323 213
1323 213
1323 213
1323 213
1323 213
1323 213
1323 213
1323 213
1323 213
1323 213
1325 212
1325 212
1325 213
1325 213
1325 213
1325 213
1325 213
1327 213
1327 213
1328 213
1328 213
1329 213
1329 213
1329 213
1339 216
1339 216
1339 216
1348 216
1350 216
1352 216
1352 216
1354 215
1354 216
1354 216
1355 215
1355 215
1355 215
1355 215
1355 215
1355 215
1355 216
1355 216
1355 216
1355 216
1356 215
1356 215
1356 216
1356 216
1357 215
1357 215
1357 215
1360 215
1360 215
1360 216
1360 216
1361 217
1370 216
1370 217
1406 221
1406 221
1406 222
1410 221
1421 222
1423 221
1423 221
1423 222
1427 222
1430 222
1435 221
1435 222
1435 222
1440 221
1440 221
1440 222
1440 222
1442 221
1442 222
1545 234
1546 234
1547 234
1547 234
1548 234
1548 234
1580 242
1584 238
1596 240
1600 240
1600 241
1600 242
1602 239
1602 240
1605 238
1610 239
1612 239
1612 240
1612 240
1613 254
1613 254
1614 241
1614 242
1614 254
1615 241
1615 241
1615 242
1615 242
1615 254
1615 254
1615 254
1616 240
1619 241
1619 241
1619 241
1619 241
1619 242
1619 242
1619 242
1619 242
1620 242
1621 238
1621 242
1623 242
1624 238
1624 240
1645 246
1646 246
1661 249
1661 249
1661 249
1661 249
1664 251
1696 261
1696 262
1698 261
1698 261
1700 262
1700 262
1702 263
1703 263
1703 263
1705 263
1705 264
1705 264
1705 264
1706 264
1718 269
1728 269
1728 269
1730 269
1764 271
1764 271
1764 271
1764 271
1771 271
1771 271
1793 274
1797 274
1797 274
1797 274
1800 274
1801 276
1806 276
1809 276
1816 274
1816 277
1819 277
1820 277
1822 277
1823 278
1825 277
1828 277
1828 277
1828 277
1828 278
1829 277
1829 278
1829 278
1829 278
1829 278
1830 277
1830 277
1830 277
1830 277
1830 277
1830 277
1830 278
1830 278
1830 278
1830 278
1831 277
1831 278
1831 278
1831 278
1831 278
1831 278
1832 277
1832 277
1832 277
1832 277
1832 277
1832 278
1832 278
1832 278
1834 277
1834 278
1861 281
1935 292
1939 292
1939 301
1941 292
1941 293
1942 294
1947 294
1947 294
1947 294
1950 292
1950 292
1955 292
1958 295
1997 303
1998 303
1998 303
1998 303
1998 303
1998 303
1998 303
1998 303
1998 303
2000 303
2023 307
2025 309
2028 309
2028 309
2050 311
2050 311
2051 311
2056 314
2058 314
2058 314
2058 314
2058 314
2058 314
2068 316
2068 316
2070 316
2070 316
2074 316
2076 316
2079 316
2080 316
2081 316
2115 320
2118 320
2119 320
2119 320
2119 322
2119 322
2122 342
2128 320
2128 322
2130 320
2130 322
2140 324
2140 324
2140 324
2140 324
2159 334
2171 334
2172 332
2173 332
2173 332
2173 334
2175 332
2175 334
2175 340
2178 332
2178 332
2178 334
2184 334
2185 334
2185 334
2185 334
2185 334
2188 334
2188 334
2190 332
2190 334
2191 336
2192 336
2193 334
2193 336
2193 340
2194 334
2194 340
2195 334
2195 340
2196 336
2199 342
2199 342
2199 343
2199 343
2201 342
2201 343
2202 342
2202 342
2202 342
2202 343
2202 343
2202 343
2202 345
2203 343
2203 345
2203 345
2203 345
2204 334
2204 345
2204 345
2206 345
2207 345
2208 345
2208 345
2210 345
2210 345
2210 345
2210 345
2216 364
2244 353
2247 353
2255 353
2258 353
2272 353
2276 353
2276 353
2276 359
2281 353
2285 353
2285 359
2289 353
2292 353
2324 365
2326 365
2327 365
2327 365
2328 365
2365 385
2372 379
2375 379
2375 380
2376 380
2376 380
2376 380
2376 380
2379 382
2391 383
2419 388
2428 385
2464 399
2474 399
2475 399
2475 399
2540 403
2541 403
2546 403
2588 412
2588 412
2591 412
2598 413
2598 413
2638 418
2651 418
2662 420
2682 431
2682 431
2682 431
2682 431
2799 459
2799 459
2817 463
2819 472
2823 472
2842 472
2851 472
2851 472
2854 472
2854 472
2855 472
2856 472
2860 472
2860 473
2863 472
2865 472
2869 475
2869 485
2869 485
2871 475
2872 475
2876 475
2948 492
2952 490
2952 492
2954 490
2954 492
2955 490
2960 492
2961 492
2963 490
2963 492
2970 495
2970 495
2971 495
2971 495
2971 495
2971 504
2972 495
2972 495
2972 495
2972 495
2972 495
2972 495
2975 503
2976 504
2976 504
2977 502
2978 502
2980 501
2980 502
2980 504
2984 501
2984 502
2984 504
2985 503
2985 504
2988 503
2988 504
2990 502
2990 502
2990 502
2990 502
2990 503
2990 503
2990 504
2990 504
2990 504
2990 504
2990 504
2990 504
2990 505
2990 505
2994 502
2994 503
2994 503
2994 504
2994 504
2994 504
2994 505
2994 505
2995 503
2995 504
2995 505
3038 511
3038 511
3038 511
3038 512
3038 512
3040 511
3040 512
3041 511
3041 511
3041 511
3041 512
3041 512
3041 512
3044 511
3044 511
3044 511
3044 511
3044 512
3045 511
3045 512
3046 511
3046 511
3046 511
3046 512
3109 518
3111 518
3116 519
3116 519
3120 519
3120 521
3120 521
3120 521
3120 521
3120 521
3120 520
3120 523
3121 521
3121 520
3122 519
3122 522
3122 523
3123 519
3123 522
3123 522
3123 522
3123 523
3123 523
3123 523
3124 521
3125 522
3128 522
3128 523
3132 530
3134 526
3136 530
3136 530
3136 530
3137 526
3137 530
3159 533
3159 533
3159 533
3160 533
3160 533
3160 534
3161 533
3161 534
3162 533
3162 533
3184 539
3184 539
3184 539
3185 539
3185 539
3185 539
3185 539
3185 539
3196 539
3197 539
3197 539
3197 540
3197 540
3302 549
3304 558
3306 558
3307 558
3310 549
3310 557
3310 558
3314 559
3321 561
3322 561
3322 561
3322 561
3323 561
3338 567
3340 563
3345 563
3372 579
3373 579
3374 579
3376 580
3377 580
3407 580
3407 580
3422 590
3425 590
3425 590
3426 596
3427 592
3427 592
3427 592
3427 596
3427 606
3429 592
3429 592
3429 592
3429 592
3429 592
3429 596
3429 596
3429 596
3429 596
3430 592
3430 596
3431 592
3431 596
3432 592
3432 596
3433 592
3433 592
3433 596
3433 596
3433 605
3434 596
3437 592
3437 596
3438 596
3438 596
3438 596
3439 596
3442 596
3443 596
3443 596
3443 596
3443 596
3445 592
3458 601
3458 601
3458 605
3460 601
3460 603
3460 605
3466 603
3466 603
3466 606
3466 606
3469 601
3469 603
3469 603
3469 605
3469 605
3469 605
3469 606
3469 606
3469 606
3469 606
3469 607
3469 607
3470 605
3470 606
3470 607
3471 601
3471 603
3471 606
3472 605
3472 606
3472 606
3472 607
3473 605
3473 606
3473 606
3473 607
3474 603
3474 606
3475 605
3475 606
3476 605
3476 606
3479 605
3479 605
3479 606
3479 606
3483 605
3483 606
3489 605
3489 606
3491 606
3494 605
3494 606
3495 605
3495 606
3496 606
3498 605
3498 606
3501 605
3501 606
3503 606
3503 606
3504 606
3507 606
3508 606
3510 605
3510 606
3510 606
3514 619
3515 619
3515 620
3517 620
3517 624
3524 620
3524 620
3524 620
3524 620
3524 620
3524 620
3524 620
3524 624
3524 624
3524 624
3524 624
3524 624
3524 624
3524 624
3525 620
3525 620
3525 620
3525 620
3525 620
3525 620
3525 620
3525 620
3525 620
3525 624
3525 624
3525 624
3525 624
3525 624
3525 624
3525 624
3525 624
3525 624
3526 620
3526 624
3527 620
3527 620
3527 624
3527 624
3529 623
3547 629
3563 636
3564 639
3571 639
3615 646
3659 656
3703 659
3714 668
3714 668
3714 669
3714 669
3717 668
3717 668
3717 669
3717 669
3718 668
3718 669
3722 668
3722 669
3724 668
3724 669
3730 665
3730 668
3730 669
3731 667
3733 667
3734 668
3734 668
3734 669
3734 669
3737 669
3737 669
3738 669
3738 669
3741 669
3741 669
3760 676
3761 676
3761 676
3768 679
3771 679
3773 679
3775 679
3775 679
3775 679
3821 684
3830 687
3838 691
3838 691
3838 691
3839 691
3840 691
3841 691
3841 691
3866 691
3877 698
3877 698
3877 698
3878 699
3878 699
3878 699
3900 705
3900 705
3900 705
3900 705
3903 706
3905 706
3906 706
3918 706
3942 709
3955 713
3955 713
3955 713
3955 713
3955 713
3960 715
3960 715
4067 725
4096 732
4096 732
4097 732
4097 732
4098 732
4099 733
4099 732
4101 733
4101 732
4101 732
4101 732
4123 732
4126 736
4126 736
4127 736
4130 736
4132 736
4133 736
4142 738
4169 742
4204 753
4243 756
4247 756
4247 756
4248 756
4297 770
4297 770
4297 770
4301 774
4301 775
4301 775
4304 777
4306 777
4308 778
4308 778
4308 780
4308 780
4309 778
4309 778
4310 778
4310 778
4310 780
4311 778
4311 780
4311 780
4313 778
4313 780
4313 780
4313 780
4322 784
4322 784
4338 792
4345 792
4350 790
4354 792
4355 792
4355 792
4356 792
4356 792
4356 792
4372 797
4373 797
4421 799
4421 799
4421 799
4424 799
4424 799
4424 799
4424 801
4424 801
4424 801
4425 799
4425 799
4425 801
4428 803
4428 803
4428 805
4429 805
4430 803
4430 803
4430 803
4430 803
4430 803
4430 803
4430 805
4430 805
4430 805
4435 805
4436 805
4436 805
4436 805
4438 805
4439 805
4464 808
4464 809
4465 808
4465 809
4467 808
4467 808
4468 808
4468 808
4468 808
4468 808
4468 808
4468 808
4468 808
4468 808
4468 808
4468 809
4468 809
4468 809
4468 809
4468 809
4468 809
4468 809
4468 809
4471 808
4471 808
4471 808
4471 808
4471 809
4472 808
4472 809
4473 808
4473 808
4473 809
4480 811
4481 811
4528 816
4537 816
4537 816
4537 816
4537 816
4541 816
4543 816
4543 816
4545 816
4545 816
4545 816
4547 816
4549 816
4553 816
4553 816
4553 816
4553 816
4553 816
4553 816
4557 816
4558 816
4558 816
4560 816
4588 818
4590 818
4609 824
4609 824
4610 824
4611 824
4611 824
4611 824
4616 823
4656 828
4656 829
4663 828
4663 829
4663 830
4668 830
4675 837
4675 837
4675 837
4675 837
4675 837
4677 837
4740 843
4740 843
4741 843
4741 843
4741 843
4742 844
4745 844
4745 844
4746 844
4748 844
4749 844
4749 844
4781 856
4787 858
4787 860
4787 860
4792 858
4792 860
4792 860
4794 859
4794 860
4823 864
4823 864
4824 864
4824 864
4824 864
4842 866
4862 867
4870 869
4870 869
4871 869
4871 869
4872 869
4873 869
4873 869
4881 873
4881 873
4881 873
4881 873
4885 874
4885 874
4899 876
4911 884
4912 884
4912 884
4912 886
4912 886
4912 888
4912 888
4913 884
4914 887
4914 887
4914 888
4914 888
4915 887
4915 887
4915 887
4915 888
4915 888
4915 888
4916 889
4957 904
4966 907
4966 907
4966 907
4966 907
4966 907
4966 907
4966 907
4966 907
4969 907
4993 917
4993 917
4993 917
4993 917
5008 924
5008 925
5009 924
5009 925
5010 925
5011 927
5011 927
5011 927
5011 927
5011 929
5011 929
5011 929
5011 929
5012 925
5012 927
5012 927
5012 929
5012 929
5014 927
5014 927
5014 927
5014 929
5014 929
5014 929
5015 927
5015 927
5015 927
5015 929
5015 929
5015 929
5016 925
5016 925
5016 925
5016 927
5016 929
5016 929
5018 932
5020 927
5020 927
5020 929
5020 929
5020 929
5020 932
5020 932
5020 932
5020 937
5024 937
5026 937
5027 937
5028 937
5028 939
5031 940
5031 940
5031 941
5031 941
5032 941
5033 941
5088 951
5090 951
5091 951
5102 955
5102 955
5102 955
5102 955
5103 955
5103 955
5104 955
5111 959
5118 955
5119 966
5119 967
5120 966
5120 967
5121 966
5121 966
5121 967
5121 967
5122 966
5122 967
5123 969
5141 978
5141 977
5142 977
5146 977
5146 977
5148 977
5150 981
5152 981
5158 981
5158 981
5177 992
5177 992
5179 992
5179 992
5204 1005
5204 1005
5204 1005
5204 1005
5204 1005
5255 1025
5257 1025
5258 1025
5258 1025
5289 1034
5296 1036
5300 1036
5308 1036
5308 1036
5308 1036
5308 1036
5308 1036
5308 1036
5308 1036
5308 1036
5308 1040
5308 1040
5308 1040
5308 1040
5308 1040
5308 1040
5309 1036
5309 1036
5309 1036
5309 1036
5309 1040
5309 1040
5313 1036
5313 1040
5314 1036
5314 1036
5314 1036
5314 1040
5314 1040
5314 1040
5318 1036
5318 1040
5322 1036
5322 1040
5342 1036
5342 1036
5342 1036
5342 1036
5342 1040
5342 1040
5342 1040
5345 1036
5345 1036
5345 1040
5345 1040
5351 1036
5351 1036
5351 1036
5351 1036
5351 1040
5351 1040
5353 1036
5353 1040
5355 1036
5355 1040
5357 1036
5357 1040
5362 1036
5362 1040
5369 1040
5370 1040
6021 1044
6040 1044
6041 1044
6041 1044
6041 1044
6041 1044
6041 1044
6041 1044
6041 1044
6043 1044
6043 1044
6043 1044
6043 1044
6043 1044
6045 1044
6047 1044
6049 1044
6049 1044
6050 1044
6050 1044
6051 1044
6051 1044
6051 1044
6052 1044
6053 1044
6053 1044
6053 1044
6053 1046
6054 1044
6083 1049
6096 1044
6096 1044
6096 1044
6097 1044
6098 1044
6098 1044
6098 1044
6118 1055
6118 1055
6119 1053
6119 1055
6119 1055
6119 1056
6119 1056
6121 1055
6121 1056
6122 1055
6122 1056
6123 1055
6124 1053
6124 1055
6124 1056
6127 1055
6127 1056
6129 1055
6129 1055
6129 1056
6133 1051
6136 1060
6136 1060
6136 1060
6148 1066
6150 1051
6150 1053
6150 1054
6150 1066
6150 1066
6151 1066
6151 1066
6151 1066
6159 1066
6181 1069
6181 1069
6184 1072
6184 1072
6184 1072
6185 1072
6185 1072
6187 1072
6197 1074
6220 1078
6223 1078
6226 1078
6226 1078
6226 1078
6226 1078
6226 1078
6226 1078
6229 1078
6229 1078
6229 1078
6248 1080
6268 1083
6269 1083
6269 1083
6269 1084
6269 1084
6269 1084
6274 1083
6276 1083
6277 1084
6278 1084
6279 1084
6279 1084
6279 1084
6281 1084
6288 1084
6291 1083
6293 1083
6293 1084
6294 1083
6294 1084
6318 1103
6321 1103
6322 1086
6322 1103
6333 1086
6333 1086
6333 1103
6333 1103
6334 1086
6334 1086
6334 1103
6334 1103
6334 1103
6335 1086
6335 1101
6335 1103
6336 1086
6336 1103
6338 1086
6338 1086
6338 1086
6338 1103
6338 1103
6338 1103
6340 1086
6340 1103
6343 1103
6344 1086
6344 1103
6344 1103
6345 1101
6345 1103
6353 1103
6353 1103
6380 1122
6382 1122
6383 1122
6383 1122
6390 1122
6390 1123
6391 1122
6391 1136
6400 1122
6400 1123
6401 1122
6401 1123
6402 1136
6406 1136
6411 1136
6414 1132
6419 1136
6419 1157
6425 1142
6431 1114
6441 1149
6442 1149
6461 1152
6461 1156
6466 1156
6469 1136
6469 1157
6470 1152
6470 1152
6470 1156
6470 1156
6485 1161
6487 1161
6488 1161
6488 1161
6489 1161
6489 1168
6490 1161
6490 1161
6492 1161
6492 1167
6500 1168
6502 1167
6502 1167
6502 1167
6502 1167
6502 1167
6502 1167
6502 1167
6502 1167
6502 1167
6502 1168
6502 1168
6502 1168
6502 1168
6502 1168
6502 1168
6502 1168
6503 1167
6503 1168
6504 1167
6504 1168
6506 1167
6557 1221
6557 1222
6557 1224
6558 1221
6558 1222
6558 1224
6559 1221
6559 1222
6559 1224
6560 1221
6560 1222
6560 1224
6561 1221
6561 1221
6561 1221
6561 1224
6561 1224
6561 1224
6562 1221
6562 1221
6562 1221
6562 1224
6562 1224
6562 1224
6564 1221
6564 1224
6565 1221
6565 1222
6565 1224
6566 1221
6566 1222
6566 1224
6572 1230
6572 1230
6572 1230
6607 1243
6651 1252
6651 1252
6655 1256
6657 1256
6657 1256
6658 1256
6659 1256
6668 1263
6668 1263
6670 1263
6675 1273
6676 1271
6680 1271
6680 1273
6681 1271
6681 1273
6682 1271
6682 1273
6685 1271
6685 1271
6685 1273
6685 1273
6687 1271
6687 1273
6689 1271
6689 1273
6690 1271
6690 1273
6691 1271
6691 1271
6691 1271
6691 1271
6691 1273
6691 1273
6691 1273
6691 1273
6692 1271
6692 1273
6694 1271
6694 1273
6697 1273
6706 1287
6714 1287
6722 1287
6723 1287
6727 1287
6727 1287
6727 1287
6729 1287
6733 1285
6733 1287
6734 1287
6735 1287
6741 1287
6747 1287
6749 1287
6783 1298
6784 1298
6785 1298
6785 1299
6786 1298
6789 1300
6789 1301
6789 1301
6789 1306
6790 1300
6790 1300
6790 1300
6790 1300
6790 1301
6790 1301
6790 1304
6790 1304
6790 1306
6790 1306
6790 1306
6790 1306
6791 1300
6791 1300
6791 1304
6791 1304
6791 1306
6791 1306
6792 1300
6792 1301
6792 1306
6796 1300
6796 1304
6796 1306
6797 1300
6797 1306
6798 1300
6798 1304
6798 1306
6847 1318
6847 1319
6848 1319
6849 1318
6852 1319
6855 1322
6939 1392
6939 1392
6939 1392
6939 1392
6945 1372
6949 1396
6949 1396
6966 1380
6967 1380
6967 1380
7009 1402
7009 1402
7011 1407
7017 1407
7021 1407
7034 1421
7035 1421
7035 1421
7035 1421
7036 1421
7036 1421
7038 1421
7038 1421
7038 1421
7038 1421
7038 1421
7038 1421
7039 1421
7040 1421
7040 1421
7040 1421
7042 1421
7061 1423
7164 1449
7165 1449
7165 1449
7165 1449
7165 1450
7165 1450
7166 1449
7166 1450
7167 1449
7167 1449
7167 1449
7167 1449
7167 1449
7167 1449
7167 1449
7167 1449
7167 1449
7167 1449
7169 1450
7170 1450
7172 1450
7172 1450
7216 1462
7216 1462
7216 1462
7217 1462
7217 1462
7218 1462
7218 1462
7219 1462
7219 1462
7219 1462
7244 1469
7246 1469
7248 1469
7269 1475
7269 1475
7275 1476
7275 1476
7275 1476
7276 1476
7276 1478
7284 1484
7284 1484
7284 1484
7284 1487
7287 1484
7288 1484
7288 1484
7288 1484
7289 1484
7289 1487
7290 1484
7290 1484
7290 1487
7291 1484
7291 1484
7292 1484
7297 1484
7298 1484
7298 1484
7298 1484
7299 1484
7299 1484
7301 1489
7314 1495
7314 1495
7314 1495
7314 1495
7314 1495
7314 1496
7314 1496
7314 1496
7314 1496
7314 1496
7328 1500
7330 1500
7343 1504
7343 1504
7346 1504
7353 1504
7354 1504
7354 1504
7354 1504
7354 1504
7354 1504
7355 1504
7357 1504
7358 1504
7358 1504
7358 1504
7381 1518
7383 1518
7387 1518
7391 1518
7392 1518
7392 1518
7392 1518
7393 1518
7403 1517
7403 1518
7405 1517
7405 1517
7405 1517
7405 1518
7405 1518
7405 1518
7407 1518
7410 1517
7410 1517
7410 1518
7410 1518
7410 1518
7410 1518
7410 1518
7411 1517
7411 1518
7412 1517
7412 1518
7419 1518
7443 1526
7504 1533
7508 1535
7508 1535
7508 1536
7508 1536
7509 1535
7509 1535
7509 1535
7509 1536
7509 1536
7509 1536
7509 1536
7511 1535
7511 1536
7512 1535
7512 1536
7513 1535
7513 1536
7516 1535
7516 1535
7516 1535
7516 1536
7516 1536
7516 1536
7516 1537
7516 1537
7516 1537
7517 1535
7517 1536
7518 1535
7518 1536
7518 1537
7519 1535
7519 1536
7519 1537
7524 1535
7524 1536
7524 1537
7525 1535
7525 1535
7525 1535
7525 1536
7525 1536
7525 1537
7525 1537
7527 1541
7529 1541
7529 1541
7529 1541
7529 1541
7529 1541
7529 1541
7529 1541
7529 1541
7529 1541
7529 1541
7530 1533
7530 1541
7530 1541
7531 1541
7531 1541
7532 1533
7532 1533
7532 1541
7532 1541
7533 1535
7533 1541
7533 1541
7534 1541
7534 1541
7536 1535
7554 1546
7569 1547
7570 1547
7570 1547
7572 1547
7573 1547
7620 1556
7624 1559
7624 1559
7642 1565
7642 1565
7642 1565
7642 1565
7642 1565
7642 1565
7642 1565
7667 1570
7669 1570
7680 1573
7680 1574
7693 1573
7725 1586
7792 1603
7816 1612
7909 1620
7912 1620
7912 1620
7912 1620
7912 1620
7927 1626
7936 1628
7936 1628
7938 1626
7938 1628
7939 1627
7939 1627
7947 1628
7954 1632
7954 1632
7967 1634
7970 1634
7986 1635
7994 1637
7999 1637
8002 1637
8007 1639
8009 1640
8009 1640
8009 1640
8031 1643
8080 1649
8102 1660
8106 1659
8188 1679
8189 1679
8250 1694
8269 1696
8269 1696
8269 1696
8269 1697
8269 1697
8269 1697
8270 1697
8272 1696
8272 1696
8272 1697
8272 1697
8273 1694
8273 1695
8273 1696
8273 1697
8274 1695
8276 1694
8276 1694
8276 1694
8276 1695
8276 1695
8276 1695
8276 1695
8276 1695
8276 1696
8276 1696
8276 1696
8276 1696
8276 1697
8276 1697
8276 1697
8276 1697
8277 1694
8277 1695
8277 1696
8277 1697
8278 1694
8278 1695
8278 1695
8278 1696
8278 1696
8278 1696
8278 1697
8278 1697
8280 1694
8280 1695
8280 1696
8280 1696
8280 1696
8280 1697
8280 1697
8280 1699
8294 1704
8310 1705
8316 1707
8316 1707
8317 1707
8378 1726
8428 1731
8451 1739
8451 1739
8514 1750
8514 1750
8514 1750
8514 1750
8514 1750
8519 1750
8519 1750
8540 1756
8544 1756
8548 1758
8549 1756
8549 1756
8553 1758
8553 1758
8553 1758
8553 1758
8553 1758
8553 1758
8553 1758
8562 1760
8564 1760
8564 1760
8583 1763
8583 1763
8583 1763
8589 1764
8598 1764
8599 1764
8600 1764
8600 1764
8600 1764
8601 1764
8611 1764
8623 1764
8685 1772
8685 1772
8685 1772
8685 1772
8688 1772
8757 1782
8758 1779
8758 1782
8758 1782
8763 1782
8763 1783
8765 1782
8765 1782
8765 1784
8765 1784
8766 1782
8778 1788
8778 1788
8778 1788
8778 1789
8779 1788
8779 1788
8779 1789
8779 1789
8784 1789
8784 1789
8784 1789
8786 1789
8789 1789
8790 1787
8819 1797
8820 1797
8820 1797
8821 1797
8823 1797
8833 1799
8835 1799
8841 1799
8842 1799
8857 1801
8867 1801
8880 1803
8887 1803
8889 1803
8895 1805
8895 1805
8901 1803
8903 1807
8912 1807
8912 1807
8915 1807
8917 1807
8917 1807
8918 1807
8918 1807
8918 1807
8930 1807
8937 1809
8942 1811
8942 1812
8942 1812
8942 1814
8944 1814
8947 1811
8947 1814
8947 1814
8947 1814
8947 1814
8947 1814
8947 1814
8947 1814
8949 1814
8950 1814
8951 1814
8960 1816
8963 1816
8963 1816
8963 1816
8963 1816
8969 1816
8979 1816
8979 1816
8981 1816
8985 1820
8985 1820
9013 1823
9018 1823
9018 1823
9021 1824
9041 1826
9042 1826
9045 1826
9045 1826
9045 1828
9048 1826
9049 1826
9049 1826
9050 1828
9051 1826
9051 1826
9051 1826
9051 1826
9185 1847
9197 1849
9197 1850
9199 1849
9199 1850
9201 1850
9202 1850
9202 1850
9239 1856
9301 1871
9303 1872
9303 1872
9303 1872
9303 1872
9303 1872
9303 1872
9314 1875
9345 1880
9347 1877
9449 1882
9453 1882
9455 1882
9455 1882
9457 1882
9460 1882
9464 1882
9464 1882
9465 1882
9465 1882
9471 1882
9471 1882
9476 1885
9516 1887
9519 1887
9542 1889
9543 1889
9543 1889
9572 1892
9573 1892
9577 1892
9674 1906
9674 1906
9674 1905
9674 1905
9675 1906
9675 1906
9675 1905
9675 1905
9707 1913
9712 1913
9714 1913
9715 1913
9719 1913
9783 1923
9783 1923
9783 1923
9783 1923
9783 1923
9783 1923
9784 1923
9785 1923
9787 1923
9787 1923
9848 1927
9848 1927
9857 1928
9878 1933
9879 1931
9879 1931
9880 1933
9883 1933
9886 1933
9890 1934
9893 1934
9907 1948
9931 1980
9932 1980
9932 1980
9932 1980
9932 1980
9932 1980
